[gd_scene format=3 uid="uid://cckpjswdrrl03"]

[ext_resource type="PackedScene" uid="uid://ct08bnh686yw7" path="res://player/minimal_player.tscn" id="1_crbit"]
[ext_resource type="Script" uid="uid://c6ge7vb5dmpoq" path="res://player/scripts/input/input_collector.gd" id="2_gg5i6"]
[ext_resource type="Resource" uid="uid://dtht0tgw8nrjv" path="res://player/resources/default_camera.tres" id="2_nfrn4"]
[ext_resource type="Script" uid="uid://cq55qc1thycli" path="res://player/scripts/abilities/ability_manager.gd" id="3_5w6lr"]
[ext_resource type="Script" uid="uid://d012slcnhh6w4" path="res://player/scripts/data/camera_effects_config.gd" id="3_xgyl0"]
[ext_resource type="PackedScene" uid="uid://b43f2ir3fc4vo" path="res://player/camera_rig.tscn" id="4_2e2ag"]
[ext_resource type="Script" uid="uid://rdeiqlc5x4a6" path="res://player/scripts/data/player_components_config.gd" id="4_fphyj"]
[ext_resource type="Script" uid="uid://bt2exgm8pg6v3" path="res://player/scripts/animation/model_visual.gd" id="5_86sgf"]
[ext_resource type="Resource" uid="uid://w3cdiis47qpb" path="res://player/resources/default_jump.tres" id="5_cjuxb"]
[ext_resource type="Resource" uid="uid://6homywwyjmrw" path="res://player/resources/default_locomotion.tres" id="6_jkkg1"]
[ext_resource type="PackedScene" uid="uid://6178wwf8ahrb" path="res://player/character/character_scene.tscn" id="6_xit0w"]
[ext_resource type="Script" uid="uid://belln0ul6x2ou" path="res://player/scripts/data/probe_config.gd" id="7_5mijv"]
[ext_resource type="Script" uid="uid://dfvwpuqfqf7jx" path="res://player/scripts/sounds/walk_sounds.gd" id="7_qrwaw"]
[ext_resource type="Script" uid="uid://ccmgs38roty0x" path="res://player/scripts/data/player_config.gd" id="8_fb78d"]
[ext_resource type="Script" uid="uid://m4562dsq4a4w" path="res://player/scripts/data/footstep_state_config.gd" id="8_ywjl4"]
[ext_resource type="Resource" uid="uid://dxp8gf3qrct3l" path="res://player/resources/default_footsteps_walk.tres" id="9_eruow"]
[ext_resource type="Script" uid="uid://c6eav4vo3xigm" path="res://player/scripts/data/stair_config.gd" id="9_q3vbh"]
[ext_resource type="Resource" uid="uid://c4rca2wmjd5tv" path="res://player/resources/default_footsteps_run.tres" id="10_mvppv"]
[ext_resource type="Resource" uid="uid://cduosdmbh6m2u" path="res://player/resources/default_footsteps_land.tres" id="11_nfrn4"]
[ext_resource type="Resource" uid="uid://cdwqd1da5lxby" path="res://player/resources/default_footsteps_jump.tres" id="12_xgyl0"]
[ext_resource type="Script" uid="uid://ddvtjlwkxuip" path="res://player/scripts/data/footstep_surface.gd" id="13_fphyj"]
[ext_resource type="AudioStream" uid="uid://cdnm7iw1pvl0u" path="res://sounds/sound_effects/walk/walk_1.wav" id="14_cjuxb"]
[ext_resource type="AudioStream" uid="uid://0dsdltpqm2vj" path="res://sounds/sound_effects/walk/walk_2.wav" id="15_jkkg1"]
[ext_resource type="AudioStream" uid="uid://dowmmldmd5shg" path="res://sounds/sound_effects/walk/walk_3.wav" id="16_5mijv"]
[ext_resource type="AudioStream" uid="uid://cvq5bfqd2pdpy" path="res://sounds/sound_effects/walk/walk_4.wav" id="17_fb78d"]
[ext_resource type="AudioStream" uid="uid://dmny33l41ocei" path="res://sounds/sound_effects/walk/walk_5.wav" id="18_q3vbh"]
[ext_resource type="Script" uid="uid://cudpm2c74g5kt" path="res://player/scripts/data/proximity_fade_config.gd" id="19_fade1"]

[sub_resource type="Resource" id="Resource_1tmq0"]
script = ExtResource("3_xgyl0")
metadata/_custom_type_script = "uid://d012slcnhh6w4"

[sub_resource type="Resource" id="Resource_pba5u"]
script = ExtResource("4_fphyj")

[sub_resource type="Resource" id="Resource_nfrn4"]
script = ExtResource("19_fade1")
metadata/_custom_type_script = "uid://cudpm2c74g5kt"

[sub_resource type="Resource" id="Resource_qddpm"]
script = ExtResource("7_5mijv")
metadata/_custom_type_script = "uid://belln0ul6x2ou"

[sub_resource type="Resource" id="Resource_6lh0n"]
script = ExtResource("9_q3vbh")
metadata/_custom_type_script = "uid://c6eav4vo3xigm"

[sub_resource type="Resource" id="Resource_na54m"]
script = ExtResource("8_fb78d")
locomotion = ExtResource("6_jkkg1")
jump = ExtResource("5_cjuxb")
camera = ExtResource("2_nfrn4")
camera_effects = SubResource("Resource_1tmq0")
stair = SubResource("Resource_6lh0n")
probe = SubResource("Resource_qddpm")
components = SubResource("Resource_pba5u")
extras = Array[Resource]([SubResource("Resource_nfrn4")])

[sub_resource type="Resource" id="Resource_fade1"]
script = ExtResource("19_fade1")
metadata/_custom_type_script = "uid://cudpm2c74g5kt"

[sub_resource type="Resource" id="Resource_5xss4"]
script = ExtResource("13_fphyj")
sound_pool = Array[AudioStream]([ExtResource("14_cjuxb"), ExtResource("15_jkkg1"), ExtResource("16_5mijv"), ExtResource("17_fb78d"), ExtResource("18_q3vbh")])

[sub_resource type="FastNoiseLite" id="FastNoiseLite_na54m"]
noise_type = 2

[sub_resource type="SceneReplicationConfig" id="SceneReplicationConfig_dugmo"]
properties/0/path = NodePath(".:position")
properties/0/spawn = true
properties/0/replication_mode = 2
properties/1/path = NodePath("Blackboard:model_yaw")
properties/1/spawn = true
properties/1/replication_mode = 2
properties/2/path = NodePath("Blackboard:locomotion_state")
properties/2/spawn = true
properties/2/replication_mode = 2
properties/3/path = NodePath("Blackboard:anim_state")
properties/3/spawn = true
properties/3/replication_mode = 2
properties/4/path = NodePath("Blackboard:is_sprinting")
properties/4/spawn = true
properties/4/replication_mode = 2
properties/5/path = NodePath("Blackboard:horizontal_speed")
properties/5/spawn = false
properties/5/replication_mode = 2
properties/6/path = NodePath("Blackboard:move_speed_multiplier")
properties/6/spawn = false
properties/6/replication_mode = 2

[node name="BasePlayer" unique_id=1093356318 instance=ExtResource("1_crbit")]
config = SubResource("Resource_na54m")

[node name="InputCollector" type="Node" parent="." index="2" unique_id=145453252]
script = ExtResource("2_gg5i6")

[node name="AbilityManager" type="Node" parent="." index="6" unique_id=984026411]
script = ExtResource("3_5w6lr")

[node name="CameraRig" parent="." index="8" unique_id=1117416754 instance=ExtResource("4_2e2ag")]
transform = Transform3D(1, 0, 0, 0, 1, 0, 0, 0, 1, 0, 1.4551597, 0)
fade_config = SubResource("Resource_fade1")

[node name="Model" type="Node3D" parent="." index="9" unique_id=1268270015]
transform = Transform3D(-0.55, 0, 4.8082526e-08, 0, 0.55, 0, -4.8082526e-08, 0, -0.55, -4.145016e-09, 0, 0.007413458)
script = ExtResource("5_86sgf")

[node name="CharacterScene" parent="Model" index="0" unique_id=1354003246 instance=ExtResource("6_xit0w")]

[node name="GeneralSkeleton" parent="Model/CharacterScene/Armature" parent_id_path=PackedInt32Array(1354003246, 1782855615) index="0" unique_id=1404086829]
bones/0/position = Vector3(0.0075061535, 1.7473941, 0.053717412)
bones/0/rotation = Quaternion(0.017527552, -0.020220006, -0.006654779, 0.9996198)
bones/1/rotation = Quaternion(0.0023845518, -0.028407654, 0.008046873, 0.99956125)
bones/2/rotation = Quaternion(-0.0065877177, -0.022464162, 0.021963706, 0.99948466)
bones/4/rotation = Quaternion(0.16904812, 0.12080694, -0.020658681, 0.97795796)
bones/5/rotation = Quaternion(-0.16395389, -0.045493018, -0.0028775148, 0.9854143)
bones/7/rotation = Quaternion(0.505965, 0.37048718, 0.5463102, -0.55523324)
bones/8/rotation = Quaternion(0.06163166, 0.8485541, -0.5255054, -0.0012613761)
bones/9/rotation = Quaternion(0.22776413, -0.6836632, 0.22690746, 0.655165)
bones/10/rotation = Quaternion(-0.06907934, 0.56024396, -0.23027644, 0.7926712)
bones/11/rotation = Quaternion(-0.16469553, 0.7480483, 0.19832289, 0.6115285)
bones/12/rotation = Quaternion(0.054487824, 0.02111988, 0.0027570021, 0.99828726)
bones/13/rotation = Quaternion(0.054201454, 0.0219856, 0.001094994, 0.9982874)
bones/15/rotation = Quaternion(0.06626822, 0.009778403, 0.0022362736, 0.9977515)
bones/16/rotation = Quaternion(0.18208532, 0.026716394, -0.0045511806, 0.9829092)
bones/17/rotation = Quaternion(0.18251897, 0.023045484, -0.0067169187, 0.9829093)
bones/19/rotation = Quaternion(0.04365697, 0.0035794291, 0.00028055493, 0.99904025)
bones/20/rotation = Quaternion(0.17394046, 0.018720515, -0.014492847, 0.98447156)
bones/21/rotation = Quaternion(0.17472267, 0.0151565485, -0.007625038, 0.9844715)
bones/23/rotation = Quaternion(0.016173758, 0.00020946814, -9.222606e-05, 0.99986917)
bones/24/rotation = Quaternion(0.16972354, 0.009867756, 0.0004564967, 0.9854423)
bones/25/rotation = Quaternion(0.16949639, 0.0020611612, 0.013062036, 0.98544216)
bones/27/rotation = Quaternion(0.003184601, -6.57519e-05, 9.708947e-05, 0.999995)
bones/28/rotation = Quaternion(0.16702801, 0.002337161, 0.0018472471, 0.98594767)
bones/29/rotation = Quaternion(0.1667311, 0.004057248, 0.009566637, 0.9859477)
bones/31/rotation = Quaternion(0.43861613, -0.35602742, -0.61490023, -0.5502347)
bones/32/rotation = Quaternion(-0.003794725, 0.89227426, -0.44874495, 0.04960099)
bones/33/rotation = Quaternion(0.25539806, 0.6753636, -0.25417528, 0.64346784)
bones/34/rotation = Quaternion(0.020297734, -0.59988743, 0.225638, 0.76733994)
bones/35/rotation = Quaternion(-0.134336, -0.6140701, -0.23455638, 0.7415222)
bones/36/rotation = Quaternion(0.09564557, -0.03707325, -0.0048395023, 0.9947131)
bones/37/rotation = Quaternion(0.09514561, -0.038594037, -0.0019228377, 0.9947132)
bones/39/rotation = Quaternion(0.06626831, -0.009778523, -0.0022360133, 0.9977515)
bones/40/rotation = Quaternion(0.182085, -0.026716718, 0.004550786, 0.9829093)
bones/41/rotation = Quaternion(0.18251951, -0.023044923, 0.0067165354, 0.9829092)
bones/43/rotation = Quaternion(0.0436566, -0.0035792487, -0.00028014308, 0.99904025)
bones/44/rotation = Quaternion(0.17394032, -0.018720081, 0.014492676, 0.98447156)
bones/45/rotation = Quaternion(0.17472279, -0.015156302, 0.007624851, 0.98447156)
bones/47/rotation = Quaternion(0.016173827, -0.00020943618, 9.275129e-05, 0.9998692)
bones/48/rotation = Quaternion(0.16972366, -0.009867737, -0.00045696393, 0.9854422)
bones/49/rotation = Quaternion(0.16949616, -0.002060616, -0.013062042, 0.98544216)
bones/51/rotation = Quaternion(0.0031845516, 6.610243e-05, -9.664243e-05, 0.99999493)
bones/52/rotation = Quaternion(0.16702789, -0.0023368155, -0.0018465611, 0.98594767)
bones/53/rotation = Quaternion(0.16673131, -0.004057062, -0.009567002, 0.98594767)
bones/55/rotation = Quaternion(-0.014124632, 0.12379296, 0.9920341, -0.018551197)
bones/56/rotation = Quaternion(-0.0021551955, 0.97894645, -0.20410614, 0.00015712752)
bones/57/rotation = Quaternion(-0.023086635, 0.633465, -0.77341366, -0.0045257616)
bones/60/rotation = Quaternion(-0.00052144966, 0.056825444, 0.9982566, 0.015947618)
bones/61/rotation = Quaternion(0.0017043479, 0.9863106, -0.16488978, -0.000119222765)
bones/62/rotation = Quaternion(0.055911, 0.61009264, -0.78971356, 0.031836074)

[node name="Head" parent="Model/CharacterScene/FadeCollisions" parent_id_path=PackedInt32Array(1354003246, 1881080909) index="0" unique_id=346957710]
transform = Transform3D(0.99959725, -0.024391776, 0.014508784, 0.02484008, 0.9991931, -0.031566024, -0.013727106, 0.031913698, 0.9993963, -0.006929775, 2.4331532, 0.08120789)

[node name="Spine" parent="Model/CharacterScene/FadeCollisions" parent_id_path=PackedInt32Array(1354003246, 1881080909) index="1" unique_id=1215061089]
transform = Transform3D(0.99524224, -0.0037887814, -0.097358204, -2.4976209e-05, 0.99923366, -0.03914138, 0.0974319, 0.03895758, 0.9944794, 0.009088627, 1.861422, 0.05413712)

[node name="Hips" parent="Model/CharacterScene/FadeCollisions" parent_id_path=PackedInt32Array(1354003246, 1881080909) index="2" unique_id=1378473525]
transform = Transform3D(0.99909365, 0.0125956815, -0.040657923, -0.014013312, 0.99929696, -0.034772657, 0.040191356, 0.035310894, 0.9985678, 0.007506153, 1.7473941, 0.05371741)

[node name="LeftUpperLeg" parent="Model/CharacterScene/FadeCollisions" parent_id_path=PackedInt32Array(1354003246, 1881080909) index="3" unique_id=1221198731]
transform = Transform3D(-0.99756235, 0.011071178, -0.06889618, -0.025462724, -0.97700703, 0.2116814, -0.064968474, 0.21291967, 0.9749073, 0.13819419, 1.6824046, 0.06418892)

[node name="RightUpperLeg" parent="Model/CharacterScene/FadeCollisions" parent_id_path=PackedInt32Array(1354003246, 1881080909) index="4" unique_id=1283993847]
transform = Transform3D(-0.99806976, -0.048990034, -0.038196065, 0.04586348, -0.9958333, 0.07883209, -0.0418982, 0.07692679, 0.996173, -0.12478994, 1.6865968, 0.03936196)

[node name="LeftLowerLeg" parent="Model/CharacterScene/FadeCollisions" parent_id_path=PackedInt32Array(1354003246, 1881080909) index="5" unique_id=808460627]
transform = Transform3D(0.99746627, 0.041826203, 0.057547092, 0.029768886, -0.98008096, 0.19635417, 0.06461356, -0.1941436, -0.9788429, 0.13299496, 0.9070213, 0.2243259)

[node name="RightLowerLeg" parent="Model/CharacterScene/FadeCollisions" parent_id_path=PackedInt32Array(1354003246, 1881080909) index="6" unique_id=930387245]
transform = Transform3D(0.9979099, -0.037218247, 0.05284949, -0.049276162, -0.9671658, 0.24932739, 0.04183399, -0.25141662, -0.966992, -0.14891157, 0.89730483, 0.09667935)

[node name="LeftUpperArm" parent="Model/CharacterScene/FadeCollisions" parent_id_path=PackedInt32Array(1354003246, 1881080909) index="7" unique_id=1450730600]
transform = Transform3D(0.10106702, 0.3810795, -0.9190015, 0.18290451, -0.9151038, -0.35934836, -0.977922, -0.1317713, -0.162188, 0.16385673, 2.2776494, 0.057237767)

[node name="RightUpperArm" parent="Model/CharacterScene/FadeCollisions" parent_id_path=PackedInt32Array(1354003246, 1881080909) index="8" unique_id=1883846604]
transform = Transform3D(-0.035780102, -0.38039285, 0.9241326, -0.45421338, -0.8175035, -0.35408783, 0.8901741, -0.43242273, -0.14352909, -0.16330676, 2.2633102, 0.008255772)

[node name="LeftLowerArm" parent="Model/CharacterScene/FadeCollisions" parent_id_path=PackedInt32Array(1354003246, 1881080909) index="9" unique_id=1539892164]
transform = Transform3D(-0.92744607, 0.25162914, -0.27663413, -0.3530568, -0.83302647, 0.42593202, -0.12326672, 0.49269637, 0.86142653, 0.13348655, 1.9180264, -0.010047513)

[node name="RightLowerArm" parent="Model/CharacterScene/FadeCollisions" parent_id_path=PackedInt32Array(1354003246, 1881080909) index="10" unique_id=53171547]
transform = Transform3D(-0.92850435, -0.3191945, 0.1897224, 0.35794517, -0.9053091, 0.22867158, 0.09876662, 0.28023273, 0.95483756, -0.13120215, 1.9491143, -0.18077543)

[node name="WalkSounds" type="Node" parent="." index="10" unique_id=620034065 node_paths=PackedStringArray("audio_player_2d", "audio_player_3d")]
script = ExtResource("7_qrwaw")
audio_player_2d = NodePath("AudioStreamPlayer")
audio_player_3d = NodePath("AudioStreamPlayer3D")
state_configs = Array[ExtResource("8_ywjl4")]([ExtResource("9_eruow"), ExtResource("10_mvppv"), ExtResource("11_nfrn4"), ExtResource("12_xgyl0")])
default_surface = SubResource("Resource_5xss4")
noise = SubResource("FastNoiseLite_na54m")

[node name="AudioStreamPlayer3D" type="AudioStreamPlayer3D" parent="WalkSounds" index="0" unique_id=371003606]
max_distance = 10.0

[node name="AudioStreamPlayer" type="AudioStreamPlayer" parent="WalkSounds" index="1" unique_id=878739569]
mix_target = 1

[node name="MultiplayerSynchronizer" type="MultiplayerSynchronizer" parent="." index="11" unique_id=1136112946]
replication_config = SubResource("SceneReplicationConfig_dugmo")

[editable path="Model/CharacterScene"]
