[gd_scene format=3 uid="uid://bqbn3d1im8urp"]

[ext_resource type="PackedScene" uid="uid://cckpjswdrrl03" path="res://player/base_player.tscn" id="1_base"]
[ext_resource type="Resource" uid="uid://dtht0tgw8nrjv" path="res://player/resources/default_camera.tres" id="2_tvvk7"]
[ext_resource type="Resource" uid="uid://w3cdiis47qpb" path="res://player/resources/default_jump.tres" id="3_ke34l"]
[ext_resource type="Script" uid="uid://d012slcnhh6w4" path="res://player/scripts/data/camera_effects_config.gd" id="3_kqwtp"]
[ext_resource type="Script" uid="uid://rdeiqlc5x4a6" path="res://player/scripts/data/player_components_config.gd" id="4_5dacx"]
[ext_resource type="Resource" uid="uid://6homywwyjmrw" path="res://player/resources/default_locomotion.tres" id="4_w4tcv"]
[ext_resource type="Script" uid="uid://cudpm2c74g5kt" path="res://player/scripts/data/proximity_fade_config.gd" id="5_5dacx"]
[ext_resource type="Script" uid="uid://ccmgs38roty0x" path="res://player/scripts/data/player_config.gd" id="5_8dutu"]
[ext_resource type="Script" uid="uid://dcg46n8vr3xbd" path="res://player/scripts/data/camera_config.gd" id="6_tvvk7"]
[ext_resource type="Script" uid="uid://belln0ul6x2ou" path="res://player/scripts/data/probe_config.gd" id="7_3mj8u"]
[ext_resource type="Script" uid="uid://c6eav4vo3xigm" path="res://player/scripts/data/stair_config.gd" id="9_gd644"]
[ext_resource type="Script" uid="uid://c1cm8bbtk6gcv" path="res://scripts/game/game_layer.gd" id="13_5dacx"]
[ext_resource type="Script" uid="uid://bu36ewmgo8xfd" path="res://scripts/game/interaction_handler.gd" id="14_3mj8u"]

[sub_resource type="Resource" id="Resource_11uf6"]
script = ExtResource("3_kqwtp")
metadata/_custom_type_script = "uid://d012slcnhh6w4"

[sub_resource type="Resource" id="Resource_rfih0"]
script = ExtResource("4_5dacx")
metadata/_custom_type_script = "uid://rdeiqlc5x4a6"

[sub_resource type="Resource" id="Resource_xgyl0"]
script = ExtResource("5_5dacx")
metadata/_custom_type_script = "uid://cudpm2c74g5kt"

[sub_resource type="Resource" id="Resource_juwf7"]
script = ExtResource("7_3mj8u")
metadata/_custom_type_script = "uid://belln0ul6x2ou"

[sub_resource type="Resource" id="Resource_tvi44"]
script = ExtResource("9_gd644")
metadata/_custom_type_script = "uid://c6eav4vo3xigm"

[sub_resource type="Resource" id="Resource_4wr1m"]
script = ExtResource("5_8dutu")
locomotion = ExtResource("4_w4tcv")
jump = ExtResource("3_ke34l")
camera = ExtResource("2_tvvk7")
camera_effects = SubResource("Resource_11uf6")
stair = SubResource("Resource_tvi44")
probe = SubResource("Resource_juwf7")
components = SubResource("Resource_rfih0")
extras = Array[Resource]([SubResource("Resource_xgyl0")])

[sub_resource type="Resource" id="Resource_ke34l"]
script = ExtResource("6_tvvk7")
force_first_person = true
max_zoom = 0.0
first_person_snap_distance = 17.295

[node name="MazePlayer" unique_id=1072122291 instance=ExtResource("1_base")]
config = SubResource("Resource_4wr1m")

[node name="CameraRig" parent="." index="8" unique_id=1117416754]
config = SubResource("Resource_ke34l")

[node name="SpotLight3D" type="SpotLight3D" parent="CameraRig" index="2" unique_id=1341269380]
transform = Transform3D(1, 0, 7.1054274e-15, 0, 1, 0, -7.1054274e-15, 0, 1, -8.881784e-16, -0.3322438, -0.14033973)
light_energy = 0.67
spot_angle = 53.50989

[node name="GeneralSkeleton" parent="Model/CharacterScene/Armature" parent_id_path=PackedInt32Array(1354003246, 1782855615) index="0" unique_id=1404086829]
bones/0/position = Vector3(0.0018391924, 1.7342702, 0.03084533)
bones/0/rotation = Quaternion(0.018650891, -0.020220028, -0.0027295134, 0.99961793)
bones/1/rotation = Quaternion(0.008161951, -0.02845297, 0.004384188, 0.99955225)
bones/2/rotation = Quaternion(0.011027696, -0.021872824, 0.020848664, 0.99948263)
bones/4/rotation = Quaternion(0.17692436, 0.11913253, -0.024116453, 0.9766902)
bones/5/rotation = Quaternion(-0.14982255, -0.04559661, -0.0028839286, 0.98765683)
bones/7/rotation = Quaternion(0.49356294, 0.38529044, 0.5791722, -0.52202165)
bones/8/rotation = Quaternion(0.03261895, 0.86280394, -0.5027591, 0.041697904)
bones/9/rotation = Quaternion(0.22030936, -0.6856829, 0.21955265, 0.65810287)
bones/10/rotation = Quaternion(-0.07515161, 0.5776867, -0.18426722, 0.79162866)
bones/11/rotation = Quaternion(-0.15777405, 0.74928445, 0.19848403, 0.6117877)
bones/12/rotation = Quaternion(0.048999418, 0.0189922, 0.002479325, 0.99861515)
bones/13/rotation = Quaternion(0.048717726, 0.01976142, 0.0009841331, 0.9986167)
bones/15/rotation = Quaternion(0.12192748, 0.017991344, 0.004114474, 0.9923675)
bones/16/rotation = Quaternion(0.21895677, 0.03212685, -0.005472994, 0.97519016)
bones/17/rotation = Quaternion(0.21947828, 0.027712395, -0.008076613, 0.9751903)
bones/19/rotation = Quaternion(0.12154338, 0.009965159, 0.0007797487, 0.9925358)
bones/20/rotation = Quaternion(0.21108805, 0.022718342, -0.017587679, 0.9770448)
bones/21/rotation = Quaternion(0.21203715, 0.018393524, -0.009253507, 0.9770447)
bones/23/rotation = Quaternion(0.10834563, 0.0014017044, -0.0006202883, 0.99411213)
bones/24/rotation = Quaternion(0.20174122, 0.011729696, 0.00054328004, 0.97936857)
bones/25/rotation = Quaternion(0.20147067, 0.0024497148, 0.015526099, 0.97936845)
bones/27/rotation = Quaternion(0.08489237, -0.0017532022, 0.0025808194, 0.99638534)
bones/28/rotation = Quaternion(0.19100426, 0.0026725873, 0.0021126764, 0.9815834)
bones/29/rotation = Quaternion(0.19063017, 0.004638847, 0.010937523, 0.98159003)
bones/31/rotation = Quaternion(0.45289424, -0.34402272, -0.6212361, -0.5390741)
bones/32/rotation = Quaternion(-0.020823948, 0.90624595, -0.42151833, 0.024639951)
bones/33/rotation = Quaternion(0.2583759, 0.67439145, -0.2571136, 0.64212984)
bones/34/rotation = Quaternion(0.004721582, -0.6095384, 0.21584322, 0.7627925)
bones/35/rotation = Quaternion(-0.1261886, -0.6032029, -0.25366583, 0.74557126)
bones/36/rotation = Quaternion(0.093605936, -0.036282614, -0.0047358302, 0.9949368)
bones/37/rotation = Quaternion(0.09311676, -0.03777142, -0.0018819424, 0.9949367)
bones/39/rotation = Quaternion(0.12192775, -0.017991727, -0.004114209, 0.9923674)
bones/40/rotation = Quaternion(0.21895623, -0.032126196, 0.0054721595, 0.9751904)
bones/41/rotation = Quaternion(0.21947849, -0.027711596, 0.0080769975, 0.9751903)
bones/43/rotation = Quaternion(0.12154355, -0.009964904, -0.0007798377, 0.9925358)
bones/44/rotation = Quaternion(0.21108782, -0.022718085, 0.01758786, 0.97704476)
bones/45/rotation = Quaternion(0.21203732, -0.018392924, 0.0092533305, 0.97704464)
bones/47/rotation = Quaternion(0.108345926, -0.0014015952, 0.0006203702, 0.99411213)
bones/48/rotation = Quaternion(0.20172209, -0.01172822, -0.0005428155, 0.97937244)
bones/49/rotation = Quaternion(0.20147017, -0.0024496661, -0.015526221, 0.97936857)
bones/51/rotation = Quaternion(0.08489208, 0.0017535461, -0.0025807396, 0.9963853)
bones/52/rotation = Quaternion(0.19098805, -0.0026724536, -0.0021119236, 0.9815865)
bones/53/rotation = Quaternion(0.19062169, -0.00463859, -0.010937731, 0.98159176)
bones/55/rotation = Quaternion(-0.012483992, 0.14739203, 0.9888558, -0.01685264)
bones/56/rotation = Quaternion(-0.0024937005, 0.9725728, -0.23258522, 0.00019006364)
bones/57/rotation = Quaternion(-0.026278416, 0.6276337, -0.7780523, -0.0045054094)
bones/60/rotation = Quaternion(0.0009347784, 0.08839246, 0.99592984, 0.017602205)
bones/61/rotation = Quaternion(0.0022446278, 0.9773612, -0.21156603, -0.00016483491)
bones/62/rotation = Quaternion(0.05362658, 0.5973787, -0.7994802, 0.03308246)

[node name="Head" parent="Model/CharacterScene/FadeCollisions" parent_id_path=PackedInt32Array(1354003246, 1881080909) index="0" unique_id=346957710]
transform = Transform3D(0.999695, -0.018906826, 0.01588797, 0.020751663, 0.9918939, -0.12536374, -0.013388939, 0.1256552, 0.9919835, -0.014338044, 2.4175653, 0.08392207)

[node name="Spine" parent="Model/CharacterScene/FadeCollisions" parent_id_path=PackedInt32Array(1354003246, 1881080909) index="1" unique_id=1215061089]
transform = Transform3D(0.9952421, -0.00517048, -0.09729488, -2.4114735e-05, 0.99857783, -0.05331345, 0.097432174, 0.053062137, 0.99382657, 0.00252153, 1.848306, 0.03150321)

[node name="Hips" parent="Model/CharacterScene/FadeCollisions" parent_id_path=PackedInt32Array(1354003246, 1881080909) index="2" unique_id=1378473525]
transform = Transform3D(0.9991674, 0.0047026975, -0.04052642, -0.006211184, 0.9992894, -0.037177145, 0.040322788, 0.037397906, 0.9984866, 0.0018391922, 1.7342702, 0.03084533)

[node name="LeftUpperLeg" parent="Model/CharacterScene/FadeCollisions" parent_id_path=PackedInt32Array(1354003246, 1881080909) index="3" unique_id=1221198731]
transform = Transform3D(-0.99766326, 0.013298731, -0.06701703, -0.03004452, -0.9663409, 0.25550526, -0.061363403, 0.2569217, 0.964482, 0.1330346, 1.6702925, 0.041202236)

[node name="RightUpperLeg" parent="Model/CharacterScene/FadeCollisions" parent_id_path=PackedInt32Array(1354003246, 1881080909) index="4" unique_id=1283993847]
transform = Transform3D(-0.9983312, -0.046629775, -0.034096207, 0.04145517, -0.9893857, 0.13928266, -0.040228337, 0.13763441, 0.9896826, -0.12997082, 1.6724607, 0.016341766)

[node name="LeftLowerLeg" parent="Model/CharacterScene/FadeCollisions" parent_id_path=PackedInt32Array(1354003246, 1881080909) index="5" unique_id=808460627]
transform = Transform3D(0.997532, 0.04693021, 0.052223716, 0.035018846, -0.9772296, 0.20927577, 0.060855918, -0.20693037, -0.9764611, 0.12958284, 0.90295035, 0.23630312)

[node name="RightLowerLeg" parent="Model/CharacterScene/FadeCollisions" parent_id_path=PackedInt32Array(1354003246, 1881080909) index="6" unique_id=930387245]
transform = Transform3D(0.9981345, -0.032665055, 0.0515976, -0.045952212, -0.95822746, 0.28229567, 0.04022032, -0.28414848, -0.9579537, -0.1522375, 0.8880826, 0.121717885)

[node name="LeftUpperArm" parent="Model/CharacterScene/FadeCollisions" parent_id_path=PackedInt32Array(1354003246, 1881080909) index="7" unique_id=1450730600]
transform = Transform3D(0.09785438, 0.4011117, -0.9107875, 0.19384322, -0.90533364, -0.3778835, -0.97614014, -0.13957231, -0.16634363, 0.15439348, 2.2583773, 0.059556596)

[node name="RightUpperArm" parent="Model/CharacterScene/FadeCollisions" parent_id_path=PackedInt32Array(1354003246, 1881080909) index="8" unique_id=1883846604]
transform = Transform3D(-0.041036345, -0.397915, 0.9165041, -0.43798333, -0.8172873, -0.37444913, 0.898046, -0.41677946, -0.14074172, -0.16874452, 2.2471619, -0.0005167015)

[node name="LeftLowerArm" parent="Model/CharacterScene/FadeCollisions" parent_id_path=PackedInt32Array(1354003246, 1881080909) index="9" unique_id=1539892164]
transform = Transform3D(-0.91896206, 0.27578604, -0.2818696, -0.37281185, -0.8405514, 0.3930455, -0.12852947, 0.46627843, 0.87525123, 0.13195167, 1.898795, -0.010978608)

[node name="RightLowerArm" parent="Model/CharacterScene/FadeCollisions" parent_id_path=PackedInt32Array(1354003246, 1881080909) index="10" unique_id=53171547]
transform = Transform3D(-0.9211113, -0.33374658, 0.20041776, 0.37742624, -0.89176023, 0.24962641, 0.09541268, 0.30557665, 0.94737506, -0.14350049, 1.9291812, -0.18418398)

[node name="GameLayer" type="Node" parent="." index="12" unique_id=1916536680]
script = ExtResource("13_5dacx")
metadata/_custom_type_script = "uid://c1cm8bbtk6gcv"

[node name="InteractionHandler" type="Node" parent="GameLayer" index="0" unique_id=1582898863 node_paths=PackedStringArray("blackboard", "player_body")]
script = ExtResource("14_3mj8u")
blackboard = NodePath("../../Blackboard")
player_body = NodePath("../..")
interaction_distance = 200.0

[editable path="Model/CharacterScene"]
